28
43
4e
4e
29
41
6c
61
72
6d
69
6e
67
20
6e
65
77
20
73
69
67
6e
73
20
61
72
65
20
65
6d
65
72
67
69
6e
67
20
74
68
61
74
20
74
68
65
20
54
72
75
6d
70
20
61
64
6d
69
6e
69
73
74
72
61
74
69
6f
6e
20
69
73
20
73
68
75
6e
74
69
6e
67
20
73
63
69
65
6e
63
65
20
61
73
69
64
65
20
69
6e
20
74
68
65
20
62
61
74
74
6c
65
20
61
67
61
69
6e
73
74
20
63
6f
72
6f
6e
61
76
69
72
75
73
2e
20
49
6e
20
57
65
64
6e
65
73
64
61
79
27
73
20
6d
6f
73
74
20
73
74
75
6e
6e
69
6e
67
20
64
65
76
65
6c
6f
70
6d
65
6e
74
2c
20
61
20
74
6f
70
20
61
64
6d
69
6e
69
73
74
72
61
74
69
6f
6e
20
6f
66
66
69
63
69
61
6c
20
77
6f
72
6b
69
6e
67
20
6f
6e
20
61
20
76
61
63
63
69
6e
65
20
63
6c
61
69
6d
65
64
20
68
65
20
77
61
73
20
6f
75
73
74
65
64
20
61
66
74
65
72
20
72
65
73
69
73
74
69
6e
67
20
65
66
66
6f
72
74
73
20
74
6f
20
70
75
73
68
20
75
6e
70
72
6f
76
65
6e
20
64
72
75
67
73
20
70
72
6f
6d
6f
74
65
64
20
62
79
20
50
72
65
73
69
64
65
6e
74
20
44
6f
6e
61
6c
64
20
54
72
75
6d
70
20
61
6e
64
20
68
69
73
20
63
6f
6e
73
65
72
76
61
74
69
76
65
20
6d
65
64
69
61
20
63
68
65
65
72
6c
65
61
64
65
72
73
20
61
73
20
22
67
61
6d
65
20
63
68
61
6e
67
65
72
22
20
74
72
65
61
74
6d
65
6e
74
73
2e
20
54
68
61
74
20
6e
65
77
73
20
77
61
73
20
66
6f
6c
6c
6f
77
65
64
20
62
79
20
61
20
62
65
77
69
6c
64
65
72
69
6e
67
6c
79
20
69
6e
63
6f
6e
73
69
73
74
65
6e
74
20
57
68
69
74
65
20
48
6f
75
73
65
20
62
72
69
65
66
69
6e
67
2e
20
43
6f
6e
66
6c
69
63
74
69
6e
67
20
6d
65
73
73
61
67
65
73
20
6f
6e
20
77
68
65
6e
20
74
6f
20
72
65
62
6f
6f
74
20
74
68
65
20
65
63
6f
6e
6f
6d
79
2c
20
74
68
65
20
6e
65
65
64
20
66
6f
72
20
74
65
73
74
69
6e
67
20
61
6e
64
20
74
68
65
20
70
6f
73
73
69
62
69
6c
69
74
79
20
6f
66
20
61
20
72
65
73
75
72
67
65
6e
63
65
20
6f
66
20
74
68
65
20
76
69
72
75
73
20
63
6f
6d
62
69
6e
65
64
20
77
69
74
68
20
54
72
75
6d
70
27
73
20
65
66
66
6f
72
74
20
74
6f
20
73
75
70
70
72
65
73
73
20
66
61
63
74
73
20
74
68
61
74
20
6a
61
72
20
77
69
74
68
20
68
69
73
20
69
6e
73
69
73
74
65
6e
63
65
20
74
68
61
74
20
74
68
65
20
65
6e
64
20
6f
66
20
61
20
6e
69
67
68
74
6d
61
72
65
20
6c
69
6b
65
6c
79
20
74
6f
20
6c
61
73
74
20
6d
61
6e
79
20
6d
6f
72
65
20
6d
6f
6e
74
68
73
20
69
73
20
6e
65
61
72
2e
