41
73
20
68
61
73
20
62
65
65
6e
20
74
68
65
20
63
61
73
65
20
66
6f
72
20
61
6c
6c
20
70
61
73
74
20
49
54
55
2d
54
20
61
6e
64
20
49
53
4f
2f
49
45
43
20
76
69
64
65
6f
20
63
6f
64
69
6e
67
20
73
74
61
6e
64
61
72
64
73
2c
20
69
6e
20
48
45
56
43
20
6f
6e
6c
79
20
74
68
65
20
62
69
74
73
74
72
65
61
6d
20
73
74
72
75
63
74
75
72
65
20
61
6e
64
20
73
79
6e
74
61
78
20
69
73
20
73
74
61
6e
64
61
72
64
69
7a
65
64
2c
20
61
73
20
77
65
6c
6c
20
61
73
20
63
6f
6e
73
74
72
61
69
6e
74
73
20
6f
6e
20
74
68
65
20
62
69
74
73
74
72
65
61
6d
20
61
6e
64
20
69
74
73
20
6d
61
70
70
69
6e
67
20
66
6f
72
20
74
68
65
20
67
65
6e
65
72
61
74
69
6f
6e
20
6f
66
20
64
65
63
6f
64
65
64
20
70
69
63
74
75
72
65
73
2e
20
54
68
65
20
6d
61
70
70
69
6e
67
20
69
73
20
67
69
76
65
6e
20
62
79
20
64
65
66
69
6e
69
6e
67
20
74
68
65
20
73
65
6d
61
6e
74
69
63
20
6d
65
61
6e
69
6e
67
20
6f
66
20
73
79
6e
74
61
78
20
65
6c
65
6d
65
6e
74
73
20
61
6e
64
20
61
20
64
65
63
6f
64
69
6e
67
20
70
72
6f
63
65
73
73
20
73
75
63
68
20
74
68
61
74
20
65
76
65
72
79
20
64
65
63
6f
64
65
72
20
63
6f
6e
66
6f
72
6d
69
6e
67
20
74
6f
20
74
68
65
20
73
74
61
6e
64
61
72
64
20
77
69
6c
6c
20
70
72
6f
64
75
63
65
20
74
68
65
20
73
61
6d
65
20
6f
75
74
70
75
74
20
77
68
65
6e
20
67
69
76
65
6e
20
61
20
62
69
74
73
74
72
65
61
6d
20
74
68
61
74
20
63
6f
6e
66
6f
72
6d
73
20
74
6f
20
74
68
65
20
63
6f
6e
73
74
72
61
69
6e
74
73
20
6f
66
20
74
68
65
20
73
74
61
6e
64
61
72
64
2e
20
54
68
69
73
20
6c
69
6d
69
74
61
74
69
6f
6e
20
6f
66
20
74
68
65
20
73
63
6f
70
65
20
6f
66
20
74
68
65
20
73
74
61
6e
64
61
72
64
20
70
65
72
6d
69
74
73
20
6d
61
78
69
6d
61
6c
20
66
72
65
65
64
6f
6d
20
74
6f
20
6f
70
74
69
6d
69
7a
65
20
69
6d
70
6c
65
6d
65
6e
74
61
74
69
6f
6e
73
20
69
6e
20
61
20
6d
61
6e
6e
65
72
20
61
70
70
72
6f
70
72
69
61
74
65
20
74
6f
20
73
70
65
63
69
66
69
63
20
61
70
70
6c
69
63
61
74
69
6f
6e
73
20
28
62
61
6c
61
6e
63
69
6e
67
20
63
6f
6d
70
72
65
73
73
69
6f
6e
20
71
75
61
6c
69
74
79
2c
20
69
6d
70
6c
65
6d
65
6e
74
61
74
69
6f
6e
20
63
6f
73
74
2c
20
74
69
6d
65
20
74
6f
20
6d
61
72
6b
65
74
2c
20
61
6e
64
20
6f
74
68
65
72
20
63
6f
6e
73
69
64
65
72
61
74
69
6f
6e
73
29
2e
20
48
6f
77
65
76
65
72
2c
20
69
74
20
70
72
6f
76
69
64
65
73
20
6e
6f
20
67
75
61
72
61
6e
74
65
65
73
20
6f
66
20
65
6e
64
2d
74
6f
2d
65
6e
64
20
72
65
70
72
6f
64
75
63
74
69
6f
6e
20
71
75
61
6c
69
74
79
2c
20
61
73
20
69
74
20
61
6c
6c
6f
77
73
20
65
76
65
6e
20
63
72
75
64
65
20
65
6e
63
6f
64
69
6e
67
20
74
65
63
68
6e
69
71
75
65
73
20
74
6f
20
62
65
20
63
6f
6e
73
69
64
65
72
65
64
20
63
6f
6e
66
6f
72
6d
69
6e
67
2e
20
54
6f
20
61
73
73
69
73
74
20
74
68
65
20
69
6e
64
75
73
74
72
79
20
63
6f
6d
6d
75
6e
69
74
79
20
69
6e
20
6c
65
61
72
6e
69
6e
67
20
68
6f
77
20
74
6f
20
75
73
65
20
74
68
65
20
73
74
61
6e
64
61
72
64
2c
20
74
68
65
20
73
74
61
6e
64
61
72
64
69
7a
61
74
69
6f
6e
20
65
66
66
6f
72
74
20
6e
6f
74
20
6f
6e
6c
79
20
69
6e
63
6c
75
64
65
73
20
74
68
65
20
64
65
76
65
6c
6f
70
6d
65
6e
74
20
6f
66
20
61
20
74
65
78
74
20
73
70
65
63
69
66
69
63
61
74
69
6f
6e
20
64
6f
63
75
6d
65
6e
74
2c
20
62
75
74
20
61
6c
73
6f
20
72
65
66
65
72
65
6e
63
65
20
73
6f
66
74
77
61
72
65
20
73
6f
75
72
63
65
20
63
6f
64
65
20
61
73
20
61
6e
20
65
78
61
6d
70
6c
65
20
6f
66
20
68
6f
77
20
48
45
56
43
20
76
69
64
65
6f
20
63
61
6e
20
62
65
20
65
6e
63
6f
64
65
64
20
61
6e
64
20
64
65
63
6f
64
65
64
2e
20
54
68
65
20
64
72
61
66
74
20
72
65
66
65
72
65
6e
63
65
20
73
6f
66
74
77
61
72
65
20
68
61
73
20
62
65
65
6e
20
75
73
65
64
20
61
73
20
61
20
72
65
73
65
61
72
63
68
20
74
6f
6f
6c
20
66
6f
72
20
74
68
65
20
69
6e
74
65
72
6e
61
6c
20
77
6f
72
6b
20
6f
66
20
74
68
65
20
63
6f
6d
6d
69
74
74
65
65
20
64
75
72
69
6e
67
20
74
68
65
20
64
65
73
69
67
6e
20
6f
66
20
74
68
65
20
73
74
61
6e
64
61
72
64
2c
20
61
6e
64
20
63
61
6e
20
61
6c
73
6f
20
62
65
20
75
73
65
64
20
61
73
20
61
20
67
65
6e
65
72
61
6c
20
72
65
73
65
61
72
63
68
20
74
6f
6f
6c
20
61
6e
64
20
61
73
20
74
68
65
20
62
61
73
69
73
20
6f
66
20
70
72
6f
64
75
63
74
73
2e
20
41
20
73
74
61
6e
64
61
72
64
20
74
65
73
74
20
64
61
74
61
20
73
75
69
74
65
20
69
73
20
61
6c
73
6f
20
62
65
69
6e
67
20
64
65
76
65
6c
6f
70
65
64
20
66
6f
72
20
74
65
73
74
69
6e
67
20
63
6f
6e
66
6f
72
6d
61
6e
63
65
20
74
6f
20
74
68
65
20
73
74
61
6e
64
61
72
64
2e
